idx, heading, dist, lfm POS, lfm VEL, lfm TRQ, lbm POS, lbm VEL, lbm TRQ, rfm POS, rfm VEL, rfm TRQ, rbm POS, rbm VEL, rbm TRQ
0, 0.0, 340.5, 0.0, -0.0, 0.0, 0.0, -0.0, 0.0, 0.0, 0.0, 0.0, 0.0, 0.0, 0.0
1, 0.0, 340.5, 0.0, -0.0, 0.0, 0.0, -0.0, 0.0, 0.0, 0.0, 0.0, 0.0, 0.0, 0.0
2, 0.0, 340.5, 0.0, -0.0, 0.0, 0.0, -0.0, 0.0, 0.0, 0.0, 0.0, 0.0, 0.0, 0.0
3, 0.0, 341.0, 0.0, -0.0, 0.0, 0.0, -0.0, 0.0, 0.0, 0.0, 0.0, 0.0, 0.0, 0.0
4, 0.0, 340.5, 0.0, -0.0, 0.0, 0.0, -0.0, 0.0, 0.0, 0.0, 0.0, 0.0, 0.0, 0.0
5, 0.0, 340.5, 0.0, -0.0, 0.0, 0.0, -0.0, 0.0, 0.0, 0.0, 0.0, 0.0, 0.0, 0.0
6, 0.0, 341.0, 0.0, -0.0, 0.0, 0.0, -0.0, 0.0, 0.0, 0.0, 0.0, 0.0, 0.0, 0.0
7, 0.0, 341.0, 0.0, -0.0, 0.0, 0.0, -0.0, 0.0, 0.0, 0.0, 0.0, 0.0, 0.0, 0.0
8, 0.0, 341.0, 0.0, -0.0, 0.0, 0.0, -0.0, 0.0, 0.0, 0.0, 0.0, 0.0, 0.0, 0.0
9, 0.0, 340.5, 0.0, -0.0, 0.0, 0.0, -0.0, 0.0, 0.0, 0.0, 0.0, 0.0, 0.0, 0.0
10, 0.0, 340.0, 0.0, -0.0, 0.0, 0.0, -0.0, 0.0, 0.0, 0.0, 0.0, 0.0, 0.0, 0.0
11, 0.0, 340.0, 0.0, -0.0, 0.0, 0.0, -0.0, 0.0, 0.0, 0.0, 0.0, 0.0, 0.0, 0.0
12, 0.0, 340.0, 0.0, -0.0, 0.0, 0.0, -0.0, 0.0, 0.0, 0.0, 0.0, 0.0, 0.0, 0.0
13, 0.0, 340.0, 0.0, -0.0, 0.0, 0.0, -0.0, 0.0, 0.0, 0.0, 0.0, 0.0, 0.0, 0.0
14, 0.0, 340.0, 0.0, -0.0, 0.0, 0.0, -0.0, 0.0, 0.0, 0.0, 0.0, 0.0, 0.0, 0.0
15, 0.0, 339.5, 0.0, -0.0, 0.0, 0.0, -0.0, 0.0, 0.0, 0.0, 0.0, 0.0, 0.0, 0.0
16, 0.0, 339.5, 0.0, -0.0, 0.0, 0.0, -0.0, 0.0, 0.0, 0.0, 0.0, 0.0, 0.0, 0.0
17, 0.0, 339.5, 0.0, -0.0, 0.0, 0.0, -0.0, 0.0, 0.0, 0.0, 0.0, 0.0, 0.0, 0.0
18, 0.0, 339.5, 0.0, -0.0, 0.0, 0.0, -0.0, 0.0, 0.0, 0.0, 0.0, 0.0, 0.0, 0.0
19, 0.0, 341.0, 0.0, -0.0, 0.0, 0.0, -0.0, 0.0, 0.0, 0.0, 0.0, 0.0, 0.0, 0.0
20, 0.0, 341.0, 0.0, -0.0, 0.0, 0.0, -0.0, 0.0, 0.0, 0.0, 0.0, 0.0, 0.0, 0.0
21, 0.0, 340.0, 0.0, -0.0, 0.0, 0.0, -0.0, 0.0, 0.0, 0.0, 0.0, 0.0, 0.0, 0.0
22, 0.0, 339.0, 0.0, -0.0, 0.0, 0.0, -0.0, 0.0, 0.0, 0.0, 0.0, 0.0, 0.0, 0.0
23, 0.0, 339.0, 0.0, -0.0, 0.0, 0.0, -0.0, 0.0, 0.0, 0.0, 0.0, 0.0, 0.0, 0.0
24, 0.0, 339.0, 0.0, -0.0, 0.0, 0.0, -0.0, 0.0, 0.0, 0.0, 0.0, 0.0, 0.0, 0.0
25, 0.0, 340.0, 0.0, -0.0, 0.0, 0.0, -0.0, 0.0, 0.0, 0.0, 0.0, 0.0, 0.0, 0.0
26, 0.0, 340.0, 0.0, -0.0, 0.0, 0.0, -0.0, 0.0, 0.0, 0.0, 0.0, 0.0, 0.0, 0.0
27, 0.0, 341.0, 0.0, -0.0, 0.0, 0.0, -0.0, 0.0, 0.0, 0.0, 0.0, 0.0, 0.0, 0.0
28, 0.0, 340.5, 0.0, -0.0, 0.0, 0.0, -0.0, 0.0, 0.0, 0.0, 0.0, 0.0, 0.0, 0.0
29, 0.0, 340.5, 0.0, -0.0, 0.0, 0.0, -0.0, 0.0, 0.0, 0.0, 0.0, 0.0, 0.0, 0.0
30, 0.0, 340.5, 0.0, -0.0, 0.0, 0.0, -0.0, 0.0, 0.0, 0.0, 0.0, 0.0, 0.0, 0.0
31, 0.0, 339.5, 0.0, -0.0, 0.0, 0.0, -0.0, 0.0, 0.0, 0.0, 0.0, 0.0, 0.0, 0.0
32, 0.0, 339.5, 0.0, -0.0, 0.0, 0.0, -0.0, 0.0, 0.0, 0.0, 0.0, 0.0, 0.0, 0.0
33, 0.0, 339.5, 0.0, -0.0, 0.0, 0.0, -0.0, 0.0, 0.0, 0.0, 0.0, 0.0, 0.0, 0.0
34, 0.0, 341.0, 0.0, -0.0, 0.0, 0.0, -0.0, 0.0, 0.0, 0.0, 0.0, 0.0, 0.0, 0.0
35, 0.0, 341.0, 0.0, -0.0, 0.0, 0.0, -0.0, 0.0, 0.0, 0.0, 0.0, 0.0, 0.0, 0.0
36, 0.0, 341.0, 0.0, -0.0, 0.0, 0.0, -0.0, 0.0, 0.0, 0.0, 0.0, 0.0, 0.0, 0.0
37, 0.0, 340.5, 0.0, -0.0, 0.0, 0.0, -0.0, 0.0, 0.0, 0.0, 0.0, 0.0, 0.0, 0.0
38, 0.0, 341.0, 0.0, -0.0, 0.0, 0.0, -0.0, 0.0, 0.0, 0.0, 0.0, 0.0, 0.0, 0.0
39, 0.0, 341.0, 0.0, -0.0, 0.0, 0.0, -0.0, 0.0, 0.0, 0.0, 0.0, 0.0, 0.0, 0.0
40, 0.0, 341.0, 0.0, -0.0, 0.0, 0.0, -0.0, 0.0, 0.0, 0.0, 0.0, 0.0, 0.0, 0.0
41, 0.0, 340.5, 0.0, -0.0, 0.0, 0.0, -0.0, 0.0, 0.0, 0.0, 0.0, 0.0, 0.0, 0.0
42, 0.0, 340.5, 0.0, -0.0, 0.0, 0.0, -0.0, 0.0, 0.0, 0.0, 0.0, 0.0, 0.0, 0.0
43, 0.0, 340.5, 0.0, -0.0, 0.0, 0.0, -0.0, 0.0, 0.0, 0.0, 0.0, 0.0, 0.0, 0.0
44, 0.0, 340.5, 0.0, -0.0, 0.0, 0.0, -0.0, 0.0, 0.0, 0.0, 0.0, 0.0, 0.0, 0.0
45, 0.0, 340.5, 0.0, -0.0, 0.0, 0.0, -0.0, 0.0, 0.0, 0.0, 0.0, 0.0, 0.0, 0.0
46, 0.0, 340.5, 0.0, -0.0, 0.0, 0.0, -0.0, 0.0, 0.0, 0.0, 0.0, 0.0, 0.0, 0.0
47, 0.0, 340.5, 0.0, -0.0, 0.0, 0.0, -0.0, 0.0, 0.0, 0.0, 0.0, 0.0, 0.0, 0.0
48, 0.0, 340.5, 0.0, -0.0, 0.0, 0.0, -0.0, 0.0, 0.0, 0.0, 0.0, 0.0, 0.0, 0.0
49, 0.0, 341.0, 0.0, -0.0, 0.0, 0.0, -0.0, 0.0, 0.0, 0.0, 0.0, 0.0, 0.0, 0.0
50, 0.0, 341.0, 0.0, -0.0, 0.0, 0.0, -0.0, 0.0, 0.0, 0.0, 0.0, 0.0, 0.0, 0.0
51, 0.0, 341.0, 0.0, -0.0, 0.0, 0.0, -0.0, 0.0, 0.0, 0.0, 0.0, 0.0, 0.0, 0.0
52, 0.0, 341.0, 0.0, -0.0, 0.0, 0.0, -0.0, 0.0, 0.0, 0.0, 0.0, 0.0, 0.0, 0.0
53, 0.0, 339.0, 0.0, -0.0, 0.0, 0.0, -0.0, 0.0, 0.0, 0.0, 0.0, 0.0, 0.0, 0.0
54, 0.0, 339.0, 0.0, -0.0, 0.0, 0.0, -0.0, 0.0, 0.0, 0.0, 0.0, 0.0, 0.0, 0.0
55, 0.0, 339.0, 0.0, -0.0, 0.0, 0.0, -0.0, 0.0, 0.0, 0.0, 0.0, 0.0, 0.0, 0.0
56, 0.0, 340.0, 0.0, -0.0, 0.0, 0.0, -0.0, 0.0, 0.0, 0.0, 0.0, 0.0, 0.0, 0.0
57, 0.0, 340.0, 0.0, -0.0, 0.0, 0.0, -0.0, 0.0, 0.0, 0.0, 0.0, 0.0, 0.0, 0.0
58, 0.0, 340.0, 0.0, -0.0, 0.0, 0.0, -0.0, 0.0, 0.0, 0.0, 0.0, 0.0, 0.0, 0.0
59, 0.0, 340.0, 0.0, -0.0, 0.0, 0.0, -0.0, 0.0, 0.0, 0.0, 0.0, 0.0, 0.0, 0.0
60, 0.0, 340.0, 0.0, -0.0, 0.0, 0.0, -0.0, 0.0, 0.0, 0.0, 0.0, 0.0, 0.0, 0.0
61, 0.0, 340.0, 0.0, -0.0, 0.0, 0.0, -0.0, 0.0, 0.0, 0.0, 0.0, 0.0, 0.0, 0.0
62, 0.0, 340.5, 0.0, -0.0, 0.0, 0.0, -0.0, 0.0, 0.0, 0.0, 0.0, 0.0, 0.0, 0.0
63, 0.0, 341.0, 0.0, -0.0, 0.0, 0.0, -0.0, 0.0, 0.0, 0.0, 0.0, 0.0, 0.0, 0.0
64, 0.0, 341.0, 0.0, -0.0, 0.0, 0.0, -0.0, 0.0, 0.0, 0.0, 0.0, 0.0, 0.0, 0.0
65, 0.0, 340.5, 0.0, -0.0, 0.0, 0.0, -0.0, 0.0, 0.0, 0.0, 0.0, 0.0, 0.0, 0.0
66, 0.0, 340.5, 0.0, -0.0, 0.0, 0.0, -0.0, 0.0, 0.0, 0.0, 0.0, 0.0, 0.0, 0.0
67, 0.0, 340.5, 0.0, -0.0, 0.0, 0.0, -0.0, 0.0, 0.0, 0.0, 0.0, 0.0, 0.0, 0.0
68, 0.0, 340.5, 0.0, -0.0, 0.0, 0.0, -0.0, 0.0, 0.0, 0.0, 0.0, 0.0, 0.0, 0.0
69, 0.0, 340.0, 0.003333333, 1.5, 0.0, 0.0, -0.0, 0.0, 0.0, 0.0, 0.0, 0.0, 0.0, 0.0
70, 0.0, 340.0, 0.01666667, 5.466667, 2.727078, 0.0, -0.0, 0.0, 0.0, 0.0, 0.0, 0.003333333, 4.566667, 0.03785397
71, 0.0, 340.0, 0.02666667, 10.53333, 4.693809, 0.0, -0.0, 0.0, 0.0, 0.0, 0.0, 0.01, 5.033333, 0.4853689
72, 0.0, 340.0, 0.04, 14.7, 7.018043, 0.0, -0.0, 0.0, 0.0, 0.0, 0.0, 0.02333333, 10.36667, 2.392063
73, 0.0, 340.0, 0.05666667, 17.26667, 10.19836, 0.0, -0.0, 0.0, 0.0, 0.0, 0.0, 0.03, 10.76667, 6.738789
74, 0.0, 340.0, 0.07, 12.46667, 16.72095, 0.0, -0.0, 0.0, 0.0, 0.0, 0.0, 0.03666667, 6.6, 15.40059
75, 0.0, 341.5, 0.07333333, 8.666667, 27.6748, 0.0, -0.0, 0.0, 0.0, 0.0, 0.0, 0.04666667, 6.3, 27.33509
76, 0.0, 341.5, 0.08333334, 7.166667, 41.41702, 0.0, -0.0, 0.0, 0.0, 0.0, 0.0, 0.05666667, 10.63333, 41.98332
77, 0.0, 341.5, 0.1233333, 22.46667, 78.82539, 0.0, -0.0, 0.0, 0.0, 0.0, 0.0, 0.08666667, 18.16667, 83.13243
78, 0.0, 341.5, 0.1533333, 34.56667, 97.685, 0.0, -0.0, 0.0, -0.003333333, -10.7, 0.0, 0.1066667, 22.13333, 99.5793
79, 0.0, 341.5, 0.19, 38.66667, 102.6234, 0.0, -0.0, 0.0, -0.006666667, -4.9, 0.0, 0.1266667, 19.1, 105.156
80, 0.0, 341.5, 0.2366667, 44.46667, 104.6182, 0.0, -0.0, 0.0, -0.01, -4.9, 0.0, 0.1466667, 20.66667, 109.3549
81, 0.0, 342.5, 0.2833333, 52.13334, 105.5521, -0.006666667, -6.766667, 0.0, -0.01333333, -3.533333, 0.0, 0.17, 24.16667, 109.5113
82, 0.0, 342.5, 0.34, 60.4, 100.9488, -0.01, -5.633333, 0.5104, -0.01666667, -2.966667, 0.4647797, 0.1966667, 27.4, 102.6011
83, 0.0, 342.5, 0.4033333, 60.4, 88.80692, -0.02, -7.0, 1.932955, -0.02333333, -4.5, 2.319624, 0.23, 31.63333, 94.81472
84, 0.0, 348.5, 0.52, 55.23334, 90.26722, -0.04666667, -15.2, 5.472817, -0.03333333, -5.4, 10.17984, 0.2833333, 35.96667, 96.26644
85, 0.0, 348.5, 0.5733333, 54.66667, 90.39987, -0.06666667, -19.43333, 7.626276, -0.04666667, -9.633333, 15.80447, 0.3233333, 41.23333, 99.75282
86, 0.0, 352.5, 0.63, 57.96667, 89.7421, -0.08333334, -16.06667, 10.18079, -0.06, -14.3, 21.42535, 0.37, 40.4, 97.03869
87, 0.0, 357.0, 0.6866667, 55.1, 90.56111, -0.09333333, -11.76667, 14.44966, -0.08666667, -22.6, 26.55927, 0.41, 44.53333, 98.29514
88, 0.0, 357.0, 0.7366667, 49.7, 93.24676, -0.1033333, -9.7, 21.20515, -0.1133333, -29.1, 28.01362, 0.46, 48.36667, 96.01373
89, 0.0, 357.0, 0.7833333, 47.36667, 96.93232, -0.1166667, -12.26667, 29.28983, -0.1466667, -29.8, 27.80241, 0.51, 52.4, 97.01556
90, 0.0, 362.5, 0.8333333, 50.56667, 99.09546, -0.1333333, -16.2, 39.04753, -0.1733333, -30.56667, 27.89617, 0.5633333, 52.7, 94.8614
91, 0.0, 365.5, 0.9366667, 52.96667, 99.62749, -0.18, -25.6, 59.45188, -0.24, -34.9, 28.07468, 0.67, 59.6, 94.25829
92, 0.0, 365.5, 0.99, 53.2, 99.29862, -0.2066667, -30.06667, 67.83154, -0.28, -36.33333, 29.32116, 0.73, 63.66667, 91.94342
93, 0.0, 374.5, 1.046667, 55.63334, 96.07196, -0.24, -35.4, 76.06533, -0.3166667, -38.06667, 32.08782, 0.7966667, 64.66667, 87.03419
94, 0.0, 374.5, 1.103333, 55.96667, 91.95201, -0.2633333, -38.3, 80.39203, -0.3533333, -38.66667, 34.30338, 0.8633333, 66.7, 81.41894
95, 0.0, 374.5, 1.163333, 59.26667, 88.46118, -0.3033333, -40.93334, 86.4336, -0.3933333, -41.03333, 36.27703, 0.93, 67.36667, 74.82344
96, 0.0, 385.0, 1.22, 59.76667, 85.77609, -0.3466667, -42.9, 91.85508, -0.44, -44.9, 37.63802, 1.0, 71.16666, 67.94416
97, 0.0, 391.5, 1.28, 59.5, 83.10374, -0.39, -43.63334, 99.20263, -0.4866667, -49.4, 38.69296, 1.07, 68.16667, 63.47362
98, 0.0, 391.5, 1.34, 61.06667, 80.10886, -0.4866667, -50.0, 103.601, -0.5866666, -52.13334, 37.49306, 1.216667, 76.06667, 57.5613
99, 0.0, 408.0, 1.466667, 65.2, 75.87274, -0.54, -54.43334, 103.6582, -0.64, -49.4, 36.35529, 1.29, 73.46667, 55.03375
100, 0.0, 408.0, 1.53, 63.7, 74.09628, -0.5933333, -54.83333, 101.6717, -0.6866667, -47.03333, 34.95818, 1.363333, 75.26667, 53.26101
101, 0.0, 408.0, 1.596667, 65.5, 72.36173, -0.68, -57.73334, 95.44059, -0.7333333, -49.63334, 34.62708, 1.44, 75.53333, 51.87126
102, 0.0, 417.0, 1.663333, 66.4, 70.74016, -0.74, -59.4, 88.92795, -0.7866667, -56.53333, 33.97831, 1.516667, 80.23334, 49.4434
103, 0.0, 421.5, 1.726667, 65.53333, 70.14974, -0.77, -60.5, 85.10936, -0.8433333, -54.83333, 33.34656, 1.6, 81.4, 47.18688
104, 0.0, 421.5, 1.796667, 68.16667, 69.33392, -0.8266666, -56.2, 78.99349, -0.8966666, -54.16667, 32.52176, 1.68, 84.2, 45.25499
105, 0.0, 421.5, 1.863333, 70.23333, 68.08895, -0.9133333, -58.06667, 69.48388, -0.9533333, -56.16667, 31.77437, 1.843333, 83.5, 41.76997
106, 0.0, 435.5, 2.006667, 72.96667, 65.72899, -1.03, -58.0, 53.66894, -1.063333, -53.5, 26.64196, 1.926667, 82.43334, 40.7478
107, 0.0, 435.5, 2.083333, 74.0, 63.51703, -1.086667, -57.33333, 48.05275, -1.116667, -53.06667, 25.01142, 2.01, 82.66666, 40.64754
108, 0.0, 5200.0, 2.156667, 73.43334, 61.27645, -1.143333, -57.33333, 42.81314, -1.166667, -52.46667, 23.96698, 2.093333, 83.73333, 40.63108
109, 0.0, 5204.5, 2.23, 72.8, 60.34816, -1.203333, -59.83333, 37.62442, -1.223333, -54.06667, 22.96127, 2.18, 84.76667, 40.3701
110, 0.0, 5204.5, 2.303333, 77.93334, 58.6746, -1.263333, -60.56667, 33.07437, -1.276667, -55.43334, 22.06909, 2.263333, 83.63334, 40.1054
111, 0.0, 5204.5, 2.383333, 76.73333, 57.26202, -1.32, -55.53333, 29.62133, -1.333333, -54.1, 21.52544, 2.35, 85.66667, 39.57654
112, 0.0, 5210.0, 2.46, 76.46667, 56.08551, -1.373333, -55.36666, 26.58623, -1.386667, -53.63334, 20.56856, 2.433333, 83.66667, 39.36701
113, 0.0, 5210.0, 2.62, 79.43334, 52.44241, -1.49, -56.8, 20.6417, -1.493333, -53.96667, 18.14236, 2.606667, 85.83334, 38.88961
114, 0.0, 5210.0, 2.7, 82.46667, 50.88238, -1.546667, -55.36666, 19.08653, -1.546667, -51.46667, 16.94098, 2.693333, 86.63333, 38.54162
115, 0.0, 5218.0, 2.783333, 84.26667, 49.14783, -1.6, -56.0, 17.39182, -1.6, -52.5, 16.07425, 2.78, 87.13333, 38.34428
116, 0.0, 5218.0, 2.866667, 81.50001, 47.63608, -1.656667, -56.2, 14.71947, -1.653333, -53.63334, 15.44568, 2.866667, 86.96667, 37.83187
117, 0.0, 5218.0, 2.95, 84.66666, 45.98852, -1.71, -55.13334, 13.17438, -1.706667, -52.43333, 14.60495, 2.953333, 85.1, 37.74488
118, 0.0, 5218.0, 3.036667, 86.56667, 44.96635, -1.766667, -53.66667, 11.27914, -1.76, -51.76667, 13.68361, 3.04, 87.53333, 37.82179
119, 0.0, 5223.5, 3.12, 85.26668, 43.87046, -1.82, -52.06666, 10.67504, -1.81, -51.83333, 13.01688, 3.126667, 86.63333, 37.52527
120, 0.0, 5223.5, 3.29, 86.66667, 40.99493, -1.926667, -53.0, 9.063581, -1.913333, -53.86667, 12.39465, 3.306667, 89.36667, 36.5031
121, 0.0, 5234.5, 3.38, 89.7, 39.73088, -1.976667, -50.83333, 8.677471, -1.966667, -53.86667, 11.79264, 3.393333, 88.1, 35.86498
122, 0.0, 5234.5, 3.47, 91.63333, 38.12895, -2.026667, -48.63334, 8.530049, -2.02, -51.86666, 11.162, 3.483333, 89.1, 35.40083
123, 0.0, 5234.5, 3.56, 87.3, 36.62619, -2.076667, -50.4, 8.134915, -2.073333, -52.86666, 10.0577, 3.573333, 89.90001, 34.72028
124, 0.0, 5234.5, 3.646667, 87.13333, 35.82362, -2.126667, -48.86667, 7.935504, -2.126667, -53.76667, 8.553963, 3.663333, 90.76667, 34.24659
125, 0.0, 5240.5, 3.736667, 87.40001, 35.4433, -2.173333, -46.86666, 7.570123, -2.176667, -48.96667, 6.503423, 3.753333, 88.0, 34.5431
126, 0.0, 5240.5, 3.823333, 90.73333, 35.02425, -2.22, -46.8, 6.713506, -2.223333, -46.63333, 5.140765, 3.843333, 90.13333, 34.58501
127, 0.0, 5253.0, 4.006667, 89.90001, 34.79191, -2.316667, -46.2, 4.501689, -2.32, -48.86667, 2.77985, 4.023334, 90.03333, 33.72727
128, 0.0, 5253.0, 4.096667, 91.23333, 34.10816, -2.36, -45.8, 3.158111, -2.366667, -47.4, 1.501559, 4.113333, 90.83334, 33.38513
129, 0.0, 5253.0, 4.19, 92.36667, 33.13426, -2.406667, -44.83333, 1.514857, -2.41, -45.66667, 0.6587708, 4.206666, 91.13334, 32.7051
130, 0.0, 5253.0, 4.276667, 88.86667, 32.8961, -2.45, -42.96667, 0.9330235, -2.453333, -44.73333, 0.0, 4.296667, 90.53333, 32.62766
131, 0.0, 5263.5, 4.37, 89.90001, 32.72212, -2.493333, -42.0, 0.02813207, -2.5, -42.43333, 0.0, 4.39, 93.86667, 32.41814
132, 0.0, 5263.5, 4.47, 93.33334, 32.42188, -2.536667, -42.13334, 0.0, -2.54, -41.33333, 0.0, 4.48, 91.06667, 32.33115
133, 0.0, 5263.5, 4.563334, 92.3, 31.94819, -2.58, -43.33333, 0.1209371, -2.58, -41.43333, 0.0, 4.573333, 93.53333, 32.15026
134, 0.0, 5275.5, 4.743333, 90.06667, 32.43834, -2.663333, -41.2, 2.139685, -2.666667, -43.16667, 0.0, 4.756667, 90.13333, 30.98382
135, 0.0, 5275.5, 4.836667, 90.9, 32.31952, -2.706667, -42.3, 4.261323, -2.713333, -44.9, 1.093575, 4.85, 91.13334, 30.49742
136, 0.0, 5275.5, 4.926667, 88.76667, 32.19699, -2.753333, -46.6, 6.560665, -2.76, -48.03333, 2.20162, 4.94, 89.8, 30.33298
137, 0.0, 5285.0, 5.016667, 91.26667, 32.53223, -2.8, -47.16667, 8.705686, -2.806667, -49.66667, 3.276757, 5.033333, 93.96667, 30.20727
138, 0.0, 5285.0, 5.106667, 90.56666, 32.6675, -2.846667, -45.66667, 11.27928, -2.856667, -48.8, 5.040333, 5.126667, 92.26667, 30.34254
139, 0.0, 5285.0, 5.2, 93.53333, 32.14819, -2.893333, -49.0, 14.15839, -2.903333, -47.6, 6.902105, 5.223333, 98.0, 29.87203
140, 0.0, 5292.0, 5.296667, 94.33333, 30.92021, -2.946667, -51.3, 15.70775, -2.953333, -50.76667, 8.953232, 5.316667, 98.43333, 28.64989
141, 0.0, 5292.0, 5.483333, 93.83334, 28.98997, -3.04, -45.56667, 19.51681, -3.06, -54.7, 12.03343, 5.506667, 94.53334, 22.87371
142, 0.0, 5292.0, 5.576667, 91.73333, 26.29979, -3.086667, -44.76667, 22.61027, -3.113333, -55.86667, 12.13632, 5.6, 89.5, 16.97238
143, 0.0, 9999.0, 5.663333, 86.23333, 21.32729, -3.133333, -46.16667, 25.63736, -3.166667, -52.93334, 11.32161, 5.686666, 86.7, 11.1182
144, 0.0, 9999.0, 5.746666, 79.46667, 16.05453, -3.18, -49.06667, 28.34416, -3.22, -49.83333, 10.40135, 5.773334, 81.93334, 5.746121
145, 0.0, 9999.0, 5.823333, 78.5, 10.20353, -3.23, -53.33333, 30.96284, -3.266667, -45.73333, 10.47301, 5.853333, 80.2, 0.8546336
146, 0.0, 9999.0, 5.896667, 72.86667, 4.199695, -3.283333, -52.03333, 32.26301, -3.313333, -41.8, 11.68037, 5.926667, 72.6, 0.0
147, 0.0, 9999.0, 5.966667, 67.06666, 0.0, -3.336667, -53.33333, 31.71037, -3.353333, -41.96667, 13.28549, 5.99, 61.76667, 0.0
148, 0.0, 9999.0, 6.08, 52.7, 0.0, -3.446667, -53.23333, 23.0841, -3.446667, -48.73333, 15.94138, 6.11, 61.6, 0.0
149, 0.0, 9999.0, 6.13, 50.96667, 0.0, -3.496667, -47.16667, 16.68405, -3.493333, -45.8, 15.48901, 6.17, 58.53333, 0.0
150, 0.0, 9999.0, 6.18, 46.9, 0.0, -3.546667, -44.23334, 12.01052, -3.533333, -40.8, 13.64911, 6.223333, 49.76667, 0.05598476
151, 0.0, 9999.0, 6.22, 40.7, 0.0, -3.59, -42.9, 7.263268, -3.573333, -41.3, 11.02087, 6.266667, 40.6, 10.72483
152, 0.0, 9999.0, 6.256667, 34.6, 0.0, -3.633333, -41.56667, 4.00386, -3.613333, -40.96667, 7.407114, 6.3, 31.83333, 21.85266
153, 0.0, 9999.0, 6.286667, 27.4, 0.7621638, -3.673333, -38.73333, 2.154938, -3.653333, -38.86666, 4.412963, 6.326667, 24.3, 33.56301
154, 0.0, 9999.0, 6.306667, 19.7, 2.401283, -3.706667, -33.9, 0.6306388, -3.69, -34.93334, 2.160358, 6.346667, 19.46667, 44.34097
155, 0.0, 9999.0, 6.33, 12.33333, 5.620491, -3.763333, -25.6, 0.0, -3.75, -26.73333, 0.0, 6.37, 10.9, 51.96875
156, 0.0, 9999.0, 6.343333, 11.4, 5.46019, -3.786667, -20.2, 0.0, -3.773333, -22.8, 0.0, 6.38, 10.03333, 47.43834
157, 0.0, 9999.0, 6.366667, 23.46667, 5.578418, -3.8, -16.4, 0.0, -3.796667, -23.36667, 0.0, 6.393333, 13.46667, 41.74731
158, 0.0, 9999.0, 6.39, 22.4, 7.481314, -3.813333, -14.16667, 0.0, -3.82, -25.16667, 0.0, 6.41, 16.06667, 37.58866
159, 0.0, 9999.0, 6.41, 19.9, 9.604459, -3.823333, -10.96667, 0.0, -3.846667, -22.23333, 0.0, 6.423333, 14.36667, 35.24087
160, 0.0, 9999.0, 6.423333, 15.6, 17.46537, -3.833333, -8.833333, 0.0, -3.86, -17.16667, 0.7457092, 6.433333, 10.03333, 35.6343
161, 0.0, 9999.0, 6.43, 11.36667, 25.08553, -3.84, -7.633333, 0.0, -3.873333, -11.86667, 4.155723, 6.436666, 6.766667, 35.68146
162, 0.0, 9999.0, 6.43, 11.36667, 31.33775, -3.84, -6.8, 0.0, -3.88, -8.8, 14.06983, 6.436666, 6.766667, 36.43932
163, 0.0, 9999.0, 6.43, 11.36667, 39.13134, -3.846667, -4.266667, 0.0, -3.88, -8.8, 19.34179, 6.436666, 6.766667, 36.78037
164, 0.0, 9999.0, 6.426667, 2.4, 38.44329, -3.846667, -4.266667, 0.0, -3.88, -8.8, 23.63032, 6.436666, 6.0, 37.61307
165, 0.0, 9999.0, 6.423333, -1.733333, 37.97111, -3.843333, -1.266667, 1.48544, -3.876667, -3.0, 26.17472, 6.436666, 6.0, 38.79482
166, 0.0, 9999.0, 6.416667, -4.966667, 39.58036, -3.836667, 1.4, 2.979065, -3.87, 2.666667, 28.21836, 6.436666, 6.0, 41.74128
167, 0.0, 9999.0, 6.406667, -9.866667, 40.58702, -3.826667, 8.166667, 4.67266, -3.86, 8.133333, 29.05478, 6.433333, 0.8666667, 46.36972
168, 0.0, 9999.0, 6.393333, -13.76667, 40.66597, -3.813333, 12.23333, 6.152988, -3.85, 10.96667, 30.45714, 6.423333, -3.3, 51.24586
169, 0.0, 9999.0, 6.376667, -17.26667, 39.8973, -3.796667, 15.43333, 7.971208, -3.836667, 13.2, 32.46951, 6.4, -14.36667, 59.4557
170, 0.0, 9999.0, 6.33, -24.23333, 36.96961, -3.773333, 12.43333, 12.74763, -3.806667, 15.5, 37.9211, 6.383333, -16.66667, 63.21163
171, 0.0, 9999.0, 6.306667, -25.93333, 35.69171, -3.756667, 14.3, 17.20154, -3.79, 16.56667, 41.47125, 6.363333, -19.06667, 66.04881
172, 0.0, 9999.0, 6.28, -24.1, 34.9745, -3.736667, 18.83333, 21.97796, -3.773333, 17.7, 45.82861, 6.343333, -20.23333, 68.52424
173, 0.0, 9999.0, 6.256667, -24.5, 36.07243, -3.716667, 22.36667, 27.39569, -3.75, 21.33333, 50.67932, 6.323333, -21.76667, 72.25996
174, 0.0, 9999.0, 6.23, -26.96667, 38.25452, -3.693333, 23.33333, 33.48389, -3.726667, 24.16667, 55.83288, 6.296667, -25.76667, 76.70751
175, 0.0, 9999.0, 6.2, -30.2, 40.88536, -3.67, 23.33333, 39.15042, -3.7, 26.8, 60.59339, 6.27, -28.66667, 81.70728
176, 0.0, 9999.0, 6.166667, -34.7, 43.87636, -3.643333, 27.46667, 43.69768, -3.67, 30.96667, 66.78131, 6.236667, -32.4, 87.28363
177, 0.0, 9999.0, 6.09, -40.63334, 48.91527, -3.566667, 43.83333, 50.12619, -3.593333, 42.4, 76.71768, 6.16, -41.03333, 101.5856
178, 0.0, 9999.0, 6.046667, -43.73333, 50.05027, -3.52, 51.16667, 50.00669, -3.546667, 46.16667, 82.56397, 6.116667, -42.03333, 105.6943
179, 0.0, 9999.0, 6.003334, -46.93334, 51.87801, -3.463333, 56.13334, 47.10031, -3.5, 47.2, 87.23918, 6.076667, -41.03333, 105.6387
180, 0.0, 9999.0, 5.953333, -49.36666, 53.67769, -3.406667, 57.3, 43.28905, -3.453333, 46.83333, 90.65891, 6.033333, -44.9, 105.2769
181, 0.0, 9999.0, 5.903333, -52.5, 55.57709, -3.35, 56.06667, 38.52892, -3.406667, 48.56667, 92.41572, 5.986667, -48.8, 103.0919
182, 0.0, 9999.0, 5.846667, -55.9, 57.57673, -3.293333, 58.66667, 34.31824, -3.353333, 50.63334, 92.40828, 5.936666, -49.73333, 100.8109
183, 0.0, 9999.0, 5.79, -60.46667, 60.0426, -3.233333, 59.83333, 32.0049, -3.3, 56.06667, 89.30676, 5.886667, -50.7, 97.41721
184, 0.0, 9999.0, 5.663333, -64.8, 62.6108, -3.12, 57.4, 34.93544, -3.18, 62.8, 78.74246, 5.78, -55.7, 97.99264
185, 0.0, 9999.0, 5.596667, -66.53333, 64.14689, -3.06, 64.3, 38.31685, -3.116667, 62.7, 72.04032, 5.723333, -56.86666, 95.99339
186, 0.0, 9999.0, 5.53, -68.56667, 64.733, -2.993333, 65.26667, 42.07222, -3.053333, 63.1, 66.58952, 5.663333, -59.73333, 92.46065
187, 0.0, 9999.0, 5.46, -69.33334, 64.03333, -2.923333, 71.56667, 46.62059, -2.993333, 60.83333, 64.30758, 5.603333, -60.3, 89.30134
188, 0.0, 9999.0, 5.386667, -71.76667, 61.83146, -2.85, 74.66667, 48.22347, -2.93, 61.36667, 63.25996, 5.543334, -60.86667, 86.0264
189, 0.0, 9999.0, 5.316667, -73.56667, 60.59339, -2.77, 79.63333, 47.06866, -2.87, 62.13334, 62.84673, 5.48, -60.96667, 83.02463
190, 0.0, 9999.0, 5.243333, -76.03333, 57.47598, -2.693333, 74.13333, 45.79188, -2.806667, 66.6, 62.70137, 5.416667, -64.46667, 80.41698
191, 0.0, 9999.0, 5.09, -78.23333, 51.52495, -2.546667, 69.96667, 45.62108, -2.673333, 64.96667, 60.60876, 5.286667, -67.63333, 75.62919
192, 0.0, 9999.0, 5.013333, -75.9, 49.56761, -2.48, 66.2, 48.78038, -2.603333, 71.06667, 57.27546, 5.216667, -68.93333, 72.59559
193, 0.0, 9999.0, 4.936666, -77.96667, 47.59171, -2.413333, 68.76667, 53.25729, -2.533333, 71.1, 54.09014, 5.146667, -73.7, 68.5499
194, 0.0, 9999.0, 4.856667, -77.63333, 46.56636, -2.343333, 71.56667, 56.41605, -2.46, 75.1, 50.94991, 5.073333, -73.2, 64.21089
195, 0.0, 9999.0, 4.78, -80.9, 46.0375, -2.27, 75.33334, 57.84343, -2.38, 75.63333, 47.00075, 4.996666, -76.73333, 60.24265
196, 0.0, 9999.0, 4.7, -77.66666, 45.76643, -2.193333, 77.4, 56.97296, -2.303333, 78.6, 43.58364, 4.92, -76.1, 56.5773
197, 0.0, 9999.0, 4.623333, -81.86667, 45.62108, -2.113333, 82.23333, 52.56232, -2.226667, 75.53333, 40.79828, 4.843333, -78.33333, 53.57924
198, 0.0, 5311.5, 4.456666, -82.13333, 43.35766, -1.946667, 84.33333, 42.29191, -2.07, 79.73333, 37.51008, 4.683333, -77.13333, 49.79079
199, 0.0, 5311.5, 4.376667, -79.3, 42.04853, -1.86, 83.36667, 37.97253, -1.993333, 75.56667, 37.13611, 4.606667, -78.26667, 49.26886
200, 0.0, 5311.5, 4.296667, -79.06667, 41.48468, -1.78, 78.63333, 35.94203, -1.916667, 80.13333, 37.35201, 4.526667, -82.33334, 48.39204
201, 0.0, 5311.5, 4.216667, -79.63333, 41.53986, -1.703333, 77.43333, 36.96419, -1.836667, 78.86667, 37.21992, 4.443333, -82.3, 47.08344
202, 0.0, 5305.5, 4.133333, -86.1, 40.924, -1.626667, 76.06667, 38.88809, -1.756667, 80.76667, 35.78133, 4.363333, -85.80001, 45.62576
203, 0.0, 5305.5, 4.046667, -86.83333, 39.71138, -1.55, 79.66667, 41.08941, -1.673333, 80.96667, 34.63027, 4.276667, -87.3, 43.58833
204, 0.0, 5305.5, 3.96, -86.2, 38.27916, -1.466667, 82.1, 42.3948, -1.593333, 79.6, 34.16294, 4.19, -85.03333, 41.05122
205, 0.0, 5298.5, 3.79, -84.00001, 36.06567, -1.303333, 78.43334, 42.03358, -1.44, 77.36667, 34.12796, 4.02, -88.83334, 36.82202
206, 0.0, 5298.5, 3.706667, -86.76667, 34.81808, -1.226667, 77.2, 41.25384, -1.363333, 74.3, 35.75007, 3.93, -86.53334, 35.27792
207, 0.0, 5298.5, 3.616667, -88.4, 34.4701, -1.153333, 71.93334, 42.66961, -1.29, 74.86667, 37.8904, 3.843333, -90.2, 34.23667
208, 0.0, 5287.5, 3.533333, -84.2, 34.65046, -1.08, 71.7, 45.77693, -1.216667, 72.03333, 40.47897, 3.753333, -86.56667, 32.76682
209, 0.0, 5287.5, 3.446667, -89.93334, 34.27332, -1.006667, 74.56666, 49.08741, -1.143333, 71.86667, 43.05162, 3.666667, -89.46667, 31.26515
210, 0.0, 5287.5, 3.356667, -88.2, 32.75519, -0.9333333, 73.63333, 52.10455, -1.07, 74.26667, 44.50183, 3.576667, -86.43333, 30.63286
211, 0.0, 5279.0, 3.27, -88.1, 31.9521, -0.86, 73.43334, 54.35467, -0.9933333, 79.3, 44.63706, 3.49, -92.13333, 30.08173
212, 0.0, 5279.0, 3.093333, -87.1, 30.94902, -0.7133333, 71.63333, 55.98895, -0.8333333, 79.5, 40.40994, 3.306667, -91.83333, 28.63414
213, 0.0, 5279.0, 3.006667, -87.5, 30.31946, -0.6466666, 68.16667, 57.89059, -0.7533333, 75.33334, 38.91838, 3.216667, -90.36667, 27.97322
214, 0.0, 5268.5, 2.916667, -85.63334, 28.48163, -0.5733333, 73.3, 59.37953, -0.68, 72.03333, 38.88284, 3.123333, -88.6, 25.69986
215, 0.0, 5268.5, 2.833333, -85.56666, 25.01379, -0.5, 74.6, 59.63357, -0.6066667, 74.16667, 40.61421, 3.036667, -88.66667, 21.2667
216, 0.0, 5268.5, 2.75, -81.3, 20.63997, -0.4233334, 77.9, 58.62094, -0.5333333, 75.16666, 40.32685, 2.95, -85.7, 16.29084
217, 0.0, 5261.0, 2.67, -83.13334, 15.28267, -0.3466667, 77.4, 56.6254, -0.46, 71.86667, 38.34118, 2.866667, -84.66666, 11.03964
218, 0.0, 5261.0, 2.59, -80.5, 9.051736, -0.27, 74.26667, 50.77816, -0.39, 72.36667, 32.92887, 2.783333, -81.8, 5.60546
219, 0.0, 5261.0, 2.436667, -76.03333, 0.8948623, -0.1366667, 62.16667, 33.98842, -0.26, 60.63334, 14.30112, 2.626667, -74.63333, 0.0
220, 0.0, 5252.5, 2.363333, -72.06666, 0.0, -0.07666667, 60.63334, 24.2266, -0.2066667, 53.93333, 6.271634, 2.553333, -74.7, 0.0
221, 0.0, 5252.5, 2.29, -73.3, 0.0, -0.02, 54.73333, 14.5602, -0.1533333, 49.0, 1.45552, 2.476667, -73.93333, 0.0
222, 0.0, 5252.5, 2.22, -69.96667, 0.0, 0.03, 48.26667, 7.313611, -0.1133333, 39.9, 0.0, 2.403333, -76.6, 0.0
223, 0.0, 5248.0, 2.15, -69.13333, 0.0, 0.07333333, 42.36667, 2.686431, -0.08, 29.8, 0.0, 2.323333, -79.6, 0.0
224, 0.0, 5248.0, 2.08, -66.53333, 0.0, 0.1066667, 30.33334, 0.3302933, -0.05666667, 21.3, 0.0, 2.243333, -75.56667, 0.0
225, 0.0, 5248.0, 2.013333, -67.1, 0.0, 0.1333333, 24.73333, 0.2570717, -0.04, 15.1, 3.939997, 2.17, -73.66666, 0.0
226, 0.0, 5248.0, 1.946667, -71.73333, 0.0, 0.1533333, 20.53333, 7.369678, -0.03666667, 3.266667, 12.05949, 2.033333, -64.93333, 0.0
227, 0.0, 5240.5, 1.806667, -71.13333, 0.0, 0.1733333, 9.566667, 25.34618, -0.04333333, -2.633333, 15.73798, 1.97, -62.83333, 0.0
228, 0.0, 5240.5, 1.733333, -74.5, 0.0, 0.1733333, 9.566667, 35.25557, -0.05333333, -9.133333, 19.68585, 1.913333, -58.13334, 0.0
229, 0.0, 5240.5, 1.656667, -75.03334, 0.0, 0.17, 2.1, 48.32692, -0.07, -15.56667, 20.04486, 1.853333, -56.83333, 0.0
230, 0.0, 5235.0, 1.58, -75.7, 0.0, 0.1666667, -0.0, 58.57213, -0.08666667, -17.16667, 20.02562, 1.8, -54.6, 0.0
231, 0.0, 5235.0, 1.506667, -73.96667, 0.0, 0.1666667, -0.0, 67.68907, -0.1033333, -16.03333, 21.41579, 1.743333, -54.4, 0.0
232, 0.0, 507.0, 1.433333, -74.7, 0.0, 0.1566667, -4.2, 78.34847, -0.12, -15.96667, 24.66511, 1.683333, -61.96667, 0.1313575
233, 0.0, 498.5, 1.36, -72.83334, 0.0, 0.14, -16.63333, 90.68613, -0.14, -19.8, 28.99857, 1.556667, -62.26667, 2.649778
234, -0.2636763, 498.5, 1.216667, -69.3, 0.0, 0.08, -35.93333, 104.5922, -0.1933333, -31.73333, 39.69445, 1.496667, -55.96667, 4.218944
235, -0.7587744, 497.5, 1.15, -63.9, 0.0, 0.02333333, -39.13334, 103.7625, -0.23, -36.16667, 42.69609, 1.446667, -48.0, 6.091527
236, -1.211651, 491.0, 1.093333, -56.9, 0.0, -0.01666667, -40.73333, 102.5748, -0.2666667, -36.03333, 43.55327, 1.403333, -41.93334, 7.496259
237, -1.633776, 491.0, 1.04, -53.6, 0.0, -0.04, -40.4, 99.49668, -0.3, -35.03333, 43.94578, 1.363333, -41.1, 9.818034
238, -1.948552, 491.0, 0.99, -49.5, 0.0, -0.07666667, -37.56667, 96.20959, -0.3333333, -34.4, 43.39464, 1.32, -41.6, 12.77101
239, -2.174563, 5210.0, 0.9433333, -43.5, 0.0, -0.1233333, -26.63333, 96.74123, -0.3733333, -37.66667, 41.35514, 1.28, -40.63334, 15.31876
240, -2.378998, 5210.0, 0.9, -44.93333, 0.0, -0.1433333, -21.3, 103.3399, -0.4133333, -42.16667, 38.13333, 1.243333, -38.56667, 16.22963
241, -2.714665, 467.5, 0.82, -27.96667, 16.37728, -0.1833333, -19.66667, 107.9387, -0.5033333, -45.1, 27.00924, 1.17, -34.06667, 13.85989
242, -2.876129, 460.5, 0.8, -19.73333, 27.11316, -0.2033333, -21.46667, 106.2566, -0.5433333, -39.96667, 18.76912, 1.136667, -32.13334, 11.39349
243, -2.973876, 460.5, 0.7833333, -15.5, 33.72157, -0.2166667, -15.23333, 95.71518, -0.5733333, -28.46667, 12.27254, 1.106667, -29.86667, 8.73027
244, -3.010329, 460.5, 0.7533333, -31.13333, 32.8946, -0.2133333, -5.133333, 82.68207, -0.5866666, -22.53333, 10.63839, 1.08, -26.83333, 6.933925
245, -2.925738, 5195.0, 0.72, -33.1, 32.57399, -0.2133333, -5.133333, 68.91369, -0.5966667, -11.83333, 7.912038, 1.056667, -23.1, 5.250583
246, -2.814408, 5195.0, 0.69, -31.36667, 32.52517, -0.21, -0.0, 52.44513, -0.6, -9.533334, 5.390601, 1.036667, -20.56667, 4.112952
247, -2.702662, 5195.0, 0.6566667, -30.16667, 23.83817, -0.21, -0.0, 37.42995, -0.6033334, -6.033333, 3.136348, 1.016667, -17.93333, 2.948755
248, -2.358702, 432.5, 0.6033334, -27.66667, 8.750944, -0.2133333, -0.0, 12.57406, -0.6066667, -4.766667, 1.868701, 0.9833334, -16.26667, 0.8138464
249, -2.225142, 432.5, 0.5766666, -25.73334, 2.044114, -0.2133333, -0.0, 0.4057778, -0.6066667, -4.766667, 1.636912, 0.9666666, -17.4, 0.1173613
250, -2.161715, 432.5, 0.5533333, -21.53333, 0.0, -0.2133333, -0.0, 0.0, -0.6066667, -4.766667, 1.114974, 0.9433333, -20.76667, 0.0
251, -2.135985, 426.0, 0.5366667, -16.3, 0.0, -0.2133333, -0.0, 0.0, -0.61, -4.0, 0.0, 0.9233334, -20.7, 0.0
252, -2.115856, 426.0, 0.5233333, -13.7, 0.0, -0.2133333, -0.0, 0.0, -0.61, -4.0, 0.0, 0.9066667, -18.86667, 0.0
253, -2.115169, 426.0, 0.5133333, -12.0, 0.0, -0.2133333, -0.0, 0.0, -0.61, -4.0, 0.0, 0.8866667, -18.9, 0.0
254, -2.152047, 424.0, 0.5033333, -11.33333, 0.0, -0.2133333, 0.5666667, 0.0, -0.6133333, -4.066667, 0.0, 0.87, -17.7, 0.0
255, -2.236177, 421.0, 0.4833333, -9.033334, 0.0, -0.2133333, 0.5666667, 0.0, -0.6133333, -4.066667, 0.0, 0.8366667, -15.16667, 0.0
256, -2.241934, 421.0, 0.4766666, -8.2, 0.0, -0.2133333, -0.0, 0.0, -0.6133333, -4.066667, 0.0, 0.8233334, -13.43333, 0.0
257, -2.246798, 414.0, 0.47, -7.133333, 0.0, -0.2133333, -0.0, 0.0, -0.6133333, -4.633333, 0.0, 0.8133333, -12.43333, 0.0
258, -2.261615, 414.0, 0.4633333, -5.933333, 0.0, -0.2133333, -0.0, 0.0, -0.6133333, -4.633333, 0.0, 0.8, -11.2, 0.0
259, -2.272741, 414.0, 0.46, -5.2, 0.0, -0.2133333, -1.1, 0.0, -0.6133333, -4.633333, 0.0, 0.7933333, -9.566667, 0.0
260, -2.268904, 413.0, 0.46, -5.2, 0.0, -0.2133333, -1.1, 0.0, -0.6133333, -4.733333, 0.0, 0.7866667, -8.133333, 0.0
261, -2.265201, 411.5, 0.46, -5.2, 0.0, -0.2133333, -1.1, 0.0, -0.6133333, -4.733333, 0.0, 0.7833333, -6.5, 0.0
262, -2.233266, 411.5, 0.46, -1.333333, 0.744033, -0.2133333, -0.0, 0.0, -0.6133333, -10.4, 0.0, 0.7866667, -2.0, 0.0
263, -2.158713, 411.5, 0.46, -1.333333, 2.551749, -0.2133333, -0.0, 0.0, -0.6133333, -10.4, 0.0, 0.7866667, -2.0, 0.0
264, -2.070561, 411.5, 0.46, -1.333333, 5.242063, -0.2133333, -0.0, 0.0, -0.6166667, -1.3, 0.0, 0.7866667, -2.0, 0.0
265, -1.992232, 411.5, 0.4633333, -0.0, 8.428333, -0.2133333, -0.0, 0.0, -0.62, -2.1, 0.0, 0.7866667, -2.0, 0.1450464
266, -1.925624, 408.5, 0.4666667, 1.3, 12.15937, -0.2166667, -1.266667, 0.1684013, -0.6266666, -2.866667, 0.0, 0.7866667, -2.0, 2.290598
267, -1.87223, 408.5, 0.47, 2.1, 15.89939, -0.22, -2.033333, 0.9528304, -0.6333333, -5.333333, 0.0, 0.7866667, -1.1, 5.692204
268, -1.833642, 408.5, 0.4766666, 4.0, 18.93023, -0.23, -6.233333, 2.543535, -0.6433333, -8.266666, 0.0, 0.79, 1.066667, 9.763167
269, -1.796115, 407.0, 0.49, 6.033333, 26.58201, -0.2533333, -12.2, 6.263757, -0.6666667, -11.56667, 1.478763, 0.8, 4.766667, 19.84696
270, -1.772071, 407.0, 0.4966667, 7.766667, 31.41625, -0.26, -10.43333, 10.96067, -0.6733334, -10.73333, 4.213049, 0.81, 7.5, 25.20686
271, -1.750164, 407.0, 0.51, 10.56667, 37.17874, -0.2666667, -6.633333, 17.44939, -0.68, -8.966666, 9.103027, 0.82, 9.966666, 30.54659
272, -1.740187, 408.5, 0.52, 11.63333, 45.43907, -0.27, -5.6, 24.54275, -0.69, -8.2, 15.15941, 0.8333333, 12.46667, 36.892
273, -1.727347, 409.0, 0.5366667, 14.53333, 53.25325, -0.28, -7.6, 33.22157, -0.7033333, -9.866667, 21.94147, 0.85, 16.8, 44.66109
274, -1.744527, 409.0, 0.5533333, 16.9, 61.19367, -0.2933333, -11.4, 43.3188, -0.7166667, -14.9, 28.35274, 0.87, 21.26667, 52.71976
275, -1.789375, 409.0, 0.5733333, 21.03333, 72.06203, -0.3066667, -13.4, 52.80819, -0.74, -21.13333, 33.832, 0.8966666, 26.53333, 61.08823
276, -1.968964, 412.0, 0.6333333, 34.8, 98.21913, -0.34, -18.73333, 67.12283, -0.8, -33.76667, 35.90372, 0.9633333, 39.4, 81.46976
277, -2.13427, 412.0, 0.6666667, 34.46667, 103.052, -0.3666667, -24.26667, 72.49921, -0.8333333, -33.76667, 33.40271, 1.006667, 43.9, 92.41891
278, -2.362032, 413.5, 0.7, 35.33333, 107.0775, -0.3933333, -26.66667, 75.41386, -0.8666667, -34.1, 29.66475, 1.05, 43.86667, 99.02135
279, -2.634201, 415.5, 0.7366667, 34.36666, 109.3843, -0.42, -31.5, 75.76705, -0.9, -35.26667, 24.6283, 1.096667, 49.4, 102.1599
280, -2.908644, 415.5, 0.77, 33.33333, 107.2642, -0.4533333, -33.1, 74.83395, -0.9366667, -33.76667, 19.8231, 1.15, 56.63333, 103.0923
281, -3.20759, 415.5, 0.8033334, 31.43333, 99.24819, -0.49, -34.9, 72.46127, -0.9666666, -31.1, 16.82878, 1.206667, 57.23333, 100.1579
282, -3.546481, 424.5, 0.8366667, 34.9, 100.4533, -0.5266666, -37.73333, 68.9858, -1.0, -30.5, 15.82514, 1.263333, 56.4, 93.59789
283, -4.229028, 424.5, 0.9166667, 44.93333, 99.7885, -0.6066667, -39.4, 63.74549, -1.053333, -27.66667, 19.4765, 1.383333, 61.5, 86.58653
284, -4.573788, 5184.5, 0.9633333, 47.8, 97.43327, -0.6466666, -41.06667, 62.16527, -1.086667, -31.0, 24.11614, 1.446667, 63.83333, 82.77581
285, -4.917833, 5188.0, 1.01, 47.76667, 99.48174, -0.6866667, -42.5, 60.70759, -1.12, -35.23333, 28.64115, 1.513333, 64.56666, 78.95931
286, -5.240198, 5188.0, 1.06, 51.8, 97.38594, -0.7333333, -46.36667, 59.92038, -1.156667, -39.6, 32.90834, 1.58, 67.16667, 75.38466
287, -5.54891, 5188.0, 1.116667, 57.1, 97.30739, -0.7833333, -48.7, 59.70283, -1.2, -43.83333, 36.59526, 1.646667, 70.9, 70.84249
288, -5.855682, 5188.0, 1.173333, 57.43333, 93.52213, -0.83, -47.96667, 59.45666, -1.246667, -47.73334, 39.12902, 1.716667, 66.43333, 67.06417
289, -6.143032, 5192.5, 1.23, 54.93333, 91.97855, -0.88, -48.73333, 59.14312, -1.293333, -49.93333, 40.42902, 1.783333, 70.46667, 64.31489
290, -6.399336, 5192.5, 1.283333, 57.26667, 88.24584, -0.9833334, -52.53334, 58.80096, -1.4, -53.76667, 42.96803, 1.93, 71.36667, 59.34731
291, -6.893075, 5200.5, 1.403333, 61.4, 81.73996, -1.036667, -53.03333, 57.99469, -1.453333, -59.2, 43.92007, 2.0, 72.86667, 57.69976
292, -7.113309, 5200.5, 1.466667, 63.56667, 79.82824, -1.093333, -52.53334, 56.65373, -1.513333, -58.03333, 44.43456, 2.076667, 74.66667, 56.09464
293, -7.317897, 5200.5, 1.53, 62.9, 77.62955, -1.146667, -54.7, 55.02635, -1.573333, -59.83333, 43.70999, 2.15, 74.0, 54.01848
294, -7.526008, 5200.5, 1.596667, 66.2, 74.49887, -1.2, -55.76667, 53.02447, -1.633333, -62.26667, 42.36904, 2.223333, 74.26667, 53.16712
295, -7.754534, 5206.5, 1.663333, 68.5, 71.74905, -1.26, -58.3, 50.663, -1.696667, -61.2, 39.98739, 2.3, 76.7, 52.68015
296, -7.96166, 5206.5, 1.73, 66.73333, 70.22403, -1.313333, -55.5, 47.28313, -1.756667, -61.03333, 36.67748, 2.376667, 76.23333, 51.74498
297, -8.140685, 5206.5, 1.796667, 71.6, 68.67618, -1.37, -59.76667, 37.4452, -1.946667, -60.86667, 27.35568, 2.57, 77.93334, 50.3346
298, -8.471625, 5217.0, 1.976667, 71.43333, 64.53602, -1.513333, -54.7, 32.37171, -2.006667, -56.06667, 25.03352, 2.643333, 71.33334, 44.86712
299, -8.596879, 5217.0, 2.053333, 75.63333, 63.2815, -1.566667, -52.73334, 27.58892, -2.06, -55.23334, 23.76849, 2.716667, 73.43334, 37.80891
300, -8.672416, 5226.0, 2.13, 75.4, 60.76293, -1.62, -51.53333, 23.44423, -2.113333, -56.36667, 22.49657, 2.783333, 68.83334, 28.72281
301, -8.671815, 5226.0, 2.203333, 74.3, 55.811, -1.67, -49.06667, 19.08893, -2.17, -55.06667, 21.50525, 2.85, 64.56666, 18.42147
302, -8.620625, 5226.0, 2.28, 73.66666, 48.51297, -1.72, -47.8, 15.0535, -2.226667, -54.83333, 20.63011, 2.91, 59.06667, 8.522172
303, -8.437152, 5236.0, 2.423333, 68.6, 27.1751, -1.806667, -41.96667, 8.323627, -2.336667, -55.43334, 15.52217, 3.016667, 47.86666, 0.0
304, -8.306523, 5236.0, 2.49, 67.43333, 15.86847, -1.846667, -40.66667, 5.171383, -2.393333, -54.03333, 11.56102, 3.06, 43.4, 0.0
305, -8.11359, 5236.0, 2.556667, 60.73333, 6.483058, -1.886667, -37.93334, 2.586166, -2.443333, -51.8, 7.432257, 3.106667, 45.53333, 0.0
306, -7.790998, 5247.5, 2.613333, 56.66667, 1.124277, -1.923333, -34.46667, 0.7621638, -2.493333, -47.3, 3.771345, 3.15, 41.86666, 0.0
307, -7.383413, 5247.5, 2.663333, 45.9, 0.0, -1.953333, -31.93333, 0.0, -2.54, -44.3, 1.086982, 3.193333, 48.13334, 0.0
308, -6.922161, 5247.5, 2.706667, 44.3, 0.0, -1.983333, -29.53333, 0.0, -2.58, -41.8, 0.0, 3.243333, 50.83333, 0.0
309, -6.498657, 5247.5, 2.75, 44.7, 0.0, -2.006667, -21.6, 5.897369, -2.62, -37.0, 0.0, 3.283333, 30.7, 8.499041
310, -5.864255, 5255.0, 2.83, 31.6, 0.0, -2.003333, -0.0, 17.45982, -2.693333, -36.4, 0.0, 3.306667, 12.16667, 34.6154
311, -5.528555, 5255.0, 2.85, 21.6, 3.458456, -2.0, 2.8, 22.52392, -2.73, -37.03333, 0.0, 3.31, 8.7, 48.26499
312, -5.111815, 5263.0, 2.863333, 13.8, 5.31872, -1.993333, 4.666667, 27.33289, -2.766667, -37.0, 0.0, 3.313333, 6.033333, 62.12577
313, -4.609561, 5263.0, 2.873333, 9.366667, 5.204069, -1.983333, 8.866667, 27.29525, -2.8, -33.76667, 0.0, 3.313333, 6.033333, 72.54883
314, -4.037166, 5263.0, 2.88, 8.366667, 5.050669, -1.97, 13.16667, 21.11824, -2.84, -39.76667, 0.0, 3.313333, 6.033333, 74.60048
315, -3.448729, 5263.0, 2.893333, 11.6, 4.85109, -1.953333, 15.1, 16.20061, -2.873333, -33.7, 4.196678, 3.313333, 6.033333, 77.28224
316, -2.840252, 5265.5, 2.913333, 20.83333, 2.830527, -1.94, 15.43333, 11.43411, -2.896667, -21.16667, 11.64285, 3.313333, 6.033333, 80.43614
317, -2.279449, 5265.5, 2.94, 28.0, 0.0, -1.923333, 14.93333, 6.29795, -2.923333, -11.96667, 25.49033, 3.306667, -1.7, 91.1004
318, -1.470288, 5267.0, 2.983333, 17.1, 0.0, -1.9, 12.03333, 1.047144, -2.933333, -9.433333, 31.45933, 3.306667, -1.7, 97.53822
319, -1.121823, 5267.0, 2.993333, 13.23333, 0.0, -1.893333, 10.03333, 0.8997231, -2.936667, -6.933333, 34.28921, 3.303333, -2.966667, 103.6605
320, -0.8370415, 5267.0, 3.003333, 9.033334, 0.0, -1.886667, 7.466667, 2.717524, -2.94, -5.566667, 31.06797, 3.293333, -4.0, 107.5744
321, -0.5450541, 5267.0, 3.006667, 6.966667, 0.0, -1.876667, 7.433333, 4.720935, -2.94, -5.566667, 26.17369, 3.276667, -12.8, 110.3009
322, -0.2353359, 5267.5, 3.01, 5.533333, 0.0, -1.866667, 10.06667, 6.345108, -2.943333, -3.2, 20.13155, 3.26, -17.93333, 108.751
323, 0.07505509, 5267.5, 3.01, 5.533333, 0.0, -1.853333, 11.5, 6.932891, -2.946667, -3.033333, 14.04636, 3.243333, -18.6, 103.7076
324, 0.4071803, 5267.5, 3.013333, 3.7, 0.0, -1.843333, 11.53333, 6.346393, -2.953333, -3.033333, 10.41034, 3.233333, -15.46667, 77.37177
325, 0.9905729, 5266.5, 3.013333, 3.7, 0.0, -1.823333, 9.366667, 3.888399, -2.96, -4.6, 4.309681, 3.233333, -15.46667, 63.74128
326, 1.237126, 5266.5, 3.013333, 3.066667, 0.0, -1.816667, 8.566667, 2.424917, -2.963333, -4.166667, 2.282888, 3.233333, -15.46667, 49.31498
327, 1.459164, 5266.5, 3.013333, 3.066667, 0.0, -1.81, 7.633333, 1.194314, -2.966667, -3.766667, 0.7499835, 3.23, -14.16667, 35.47051
328, 1.644989, 5266.5, 3.013333, 3.066667, 0.0, -1.803333, 6.833333, 0.1923429, -2.966667, -3.766667, 0.0, 3.226667, -14.16667, 22.55954
329, 1.768781, 5266.5, 3.013333, 2.733333, 0.0, -1.796667, 5.866667, 0.0, -2.966667, -3.766667, 0.0, 3.22, -5.433333, 10.99687
330, 1.840741, 5266.5, 3.013333, 2.733333, 0.0, -1.793333, 5.466667, 0.0, -2.966667, -3.766667, 0.0, 3.21, -9.366667, 0.03316063
331, 1.902691, 5265.0, 3.013333, 2.733333, 0.0, -1.79, 4.433333, 0.0, -2.966667, -3.766667, 0.0, 3.2, -9.766666, 0.0
332, 1.985787, 5265.0, 3.013333, 1.933333, 0.0, -1.786667, 3.9, 0.0, -2.966667, -3.733333, 0.0, 3.186667, -7.533333, 0.0
333, 1.999891, 5265.0, 3.013333, 1.933333, 0.0, -1.786667, 3.9, 0.0, -2.966667, -3.733333, 0.0, 3.18, -6.5, 0.0
334, 2.019729, 5263.5, 3.013333, -0.0, 0.0, -1.786667, 3.833333, 0.0, -2.966667, -3.733333, 0.0, 3.176667, -5.933333, 0.0
335, 2.045, 5263.5, 3.013333, -0.0, 0.0, -1.786667, 3.833333, 0.0, -2.966667, -2.966667, 0.0, 3.173333, -4.766667, 0.0
336, 2.058821, 5263.5, 3.013333, -0.0, 0.0, -1.786667, 3.833333, 0.0, -2.966667, -2.966667, 0.0, 3.17, -4.766667, 0.0
337, 2.059421, 5264.0, 3.013333, -0.0, 0.0, -1.786667, 3.2, 0.0, -2.966667, -2.966667, 0.0, 3.17, -3.433333, 0.0
338, 2.058939, 5264.0, 3.013333, -0.0, 0.0, -1.786667, 3.2, 0.0, -2.966667, -4.333333, 0.0, 3.17, -3.433333, 0.0
339, 2.063828, 5264.0, 3.013333, -0.0, 0.0, -1.786667, 3.9, 0.0, -2.966667, -4.333333, 0.0, 3.17, -3.433333, 0.0
340, 2.054935, 5265.0, 3.013333, -0.0, 0.0, -1.786667, 3.9, 0.0, -2.97, -40.66667, 0.0, 3.17, -3.133333, 0.0
341, 2.046996, 5265.0, 3.016667, 1.566667, 0.0, -1.786667, 3.9, 0.0, -2.973333, -5.333333, 0.0, 3.17, -3.133333, 0.0
342, 2.048593, 5265.0, 3.016667, 1.566667, 0.0, -1.783333, 48.0, 0.0, -2.973333, -5.333333, 0.0, 3.17, -3.133333, 0.0
343, 2.052458, 5263.0, 3.02, 1.6, 0.0, -1.78, 7.633333, 0.0, -2.973333, -5.333333, 0.0, 3.17, -2.5, 0.0
344, 2.052341, 5263.0, 3.023333, 2.066667, 0.0, -1.78, 7.633333, 0.0, -2.973333, -5.333333, 0.0, 3.17, -2.5, 0.0
345, 2.053838, 5263.0, 3.026667, 2.066667, 0.0, -1.776667, 3.5, 0.0, -2.973333, -5.333333, 0.0, 3.17, -2.5, 0.0
346, 2.075605, 5265.5, 3.033333, 3.5, 0.0, -1.763333, 4.4, 0.0, -2.983333, -6.033333, 0.0, 3.163333, -4.5, 0.3820597
347, 2.084326, 5265.5, 3.04, 4.833333, 0.0, -1.76, 4.866667, 0.0, -2.993333, -6.233333, 0.0, 3.16, -4.466667, 0.8291835
348, 2.099245, 5265.5, 3.046667, 6.1, 0.0, -1.753333, 5.733333, 0.0, -3.0, -7.266667, 0.0, 3.156667, -4.466667, 2.136668
349, 2.136234, 5265.5, 3.053333, 6.466667, 0.0, -1.75, 5.266667, 0.0, -3.006667, -7.566667, 0.0, 3.153333, -3.8, 4.118903
350, 2.206294, 5265.0, 3.06, 6.166667, 0.0, -1.746667, 3.733333, 1.724688, -3.013333, -7.0, 0.0, 3.153333, -3.8, 6.458669
351, 2.294425, 5265.0, 3.063333, 5.8, 0.0, -1.746667, 3.733333, 3.999167, -3.013333, -7.0, 0.0, 3.15, -3.0, 8.627045
352, 2.406878, 5265.0, 3.063333, 5.8, 1.644622, -1.74, 3.1, 5.968132, -3.02, -4.233333, 0.0, 3.143333, -2.966667, 10.31804
353, 2.704298, 5264.5, 3.073333, 3.6, 4.501633, -1.733333, 3.966667, 8.259764, -3.026667, -3.533333, 0.0, 3.136667, -4.466667, 12.0305
354, 2.864712, 5264.5, 3.076667, 3.3, 4.688473, -1.733333, 3.966667, 8.478451, -3.026667, -3.533333, 0.0, 3.133333, -4.333333, 10.84101
355, 2.990203, 5264.5, 3.076667, 3.3, 4.750576, -1.73, 3.5, 7.893991, -3.026667, -3.533333, 0.0, 3.133333, -4.333333, 9.450837
356, 3.088935, 5264.0, 3.076667, 3.3, 4.802593, -1.73, 3.5, 6.375334, -3.026667, -3.533333, 0.0, 3.136667, -1.4, 7.709918
357, 3.169419, 5264.0, 3.076667, 3.3, 4.641874, -1.733333, 1.233333, 4.854024, -3.026667, -3.533333, 0.0, 3.136667, -1.4, 5.730309
358, 3.216472, 5264.0, 3.076667, 4.033333, 2.759345, -1.733333, 1.233333, 3.371462, -3.026667, -3.533333, 0.0, 3.136667, -1.4, 3.961313
359, 3.220042, 5264.0, 3.076667, 4.033333, 1.253958, -1.733333, 1.233333, 2.092053, -3.026667, -4.3, 0.0, 3.136667, -1.4, 2.301577
360, 3.167071, 5264.0, 3.076667, 3.533333, 0.0, -1.733333, 0.7333333, 0.0, -3.026667, -4.3, 0.0, 3.136667, -1.4, 0.0
361, 3.132185, 5264.0, 3.076667, 3.533333, 0.0, -1.733333, 0.7333333, 0.0, -3.026667, -4.1, 0.0, 3.136667, -0.8666667, 0.0
362, 3.083816, 5263.5, 3.076667, 3.533333, 0.0, -1.733333, 0.7333333, 0.0, -3.026667, -4.1, 0.0, 3.136667, -0.8666667, 0.0
363, 3.032962, 5263.5, 3.076667, 3.633333, 0.0, -1.733333, -0.0, 0.0, -3.026667, -4.1, 0.0, 3.136667, -0.8666667, 0.0
364, 2.998369, 5263.5, 3.076667, 3.633333, 0.0, -1.733333, -0.0, 0.0, -3.026667, -5.966667, 0.0, 3.136667, 0.0, 0.0
365, 2.984295, 5264.5, 3.076667, 3.633333, 0.0, -1.733333, -0.0, 0.0, -3.026667, -5.966667, 0.0, 3.136667, 0.0, 0.0
366, 2.977699, 5264.5, 3.076667, -0.0, 0.0, -1.733333, -1.566667, 0.0, -3.026667, -5.966667, 0.0, 3.136667, 0.0, 0.0
367, 3.002195, 5264.5, 3.076667, -0.0, 0.0, -1.733333, -1.566667, 0.0, -3.026667, 0.0, 0.0, 3.136667, 1.5, 0.0
368, 3.025765, 5265.0, 3.076667, -0.0, 0.0, -1.733333, -0.0, 0.0, -3.026667, 0.0, 0.0, 3.136667, 1.5, 0.0
369, 3.041235, 5265.0, 3.076667, -0.0, 0.0, -1.733333, -0.0, 0.0, -3.026667, 0.0, 0.0, 3.136667, 0.0, 0.0
370, 3.047881, 5265.0, 3.076667, -0.0, 0.0, -1.733333, -0.0, 0.0, -3.026667, 0.0, 0.0, 3.136667, 0.0, 0.0
371, 3.052566, 5264.5, 3.076667, -0.0, 0.0, -1.733333, -0.0, 0.0, -3.026667, 0.0, 0.0, 3.136667, 0.0, 0.0
372, 3.056241, 5264.5, 3.076667, -0.0, 0.0, -1.733333, -0.0, 0.0, -3.026667, 0.0, 0.0, 3.136667, 0.0, 0.0
373, 3.056226, 5264.5, 3.076667, -0.0, 0.0, -1.733333, -0.0, 0.0, -3.026667, 0.0, 0.0, 3.136667, 0.0, 0.0
374, 3.062654, 5265.0, 3.076667, -0.0, 1.394311, -1.73, 1.933333, 0.3206831, -3.03, -1.433333, 0.0, 3.136667, 0.0, 0.0
375, 3.078454, 5265.0, 3.08, 1.733333, 4.250596, -1.73, 1.933333, 1.949018, -3.033333, -1.5, 0.0, 3.136667, 0.0, 0.4696127
376, 3.114374, 5265.0, 3.086667, 3.033333, 7.998473, -1.726667, 2.166667, 5.171774, -3.033333, -1.5, 1.471583, 3.13, -2.866667, 2.975713
377, 3.212338, 5264.5, 3.093333, 5.966667, 12.80352, -1.72, 2.9, 10.21761, -3.04, -2.1, 5.002479, 3.123333, -4.0, 6.662606
378, 3.411808, 5264.5, 3.103333, 9.2, 19.18394, -1.706667, 7.933333, 16.80699, -3.046667, -4.7, 9.748612, 3.116667, -7.066667, 12.94857
379, 3.716779, 5264.5, 3.12, 14.0, 26.34673, -1.693333, 15.0, 24.41218, -3.063333, -14.56667, 13.48791, 3.103333, -10.8, 21.10696
380, 4.196491, 5264.5, 3.136667, 18.1, 33.4904, -1.676667, 17.56667, 32.18763, -3.08, -17.3, 20.23858, 3.086667, -16.8, 30.65719
381, 4.875276, 5265.0, 3.16, 23.36667, 37.60735, -1.66, 16.43333, 31.43843, -3.116667, -16.0, 25.1497, 3.053333, -13.9, 35.97066
382, 6.411289, 5265.0, 3.183333, 11.16667, 32.61375, -1.64, 11.0, 26.58058, -3.133333, -14.1, 22.81385, 3.05, -8.633333, 33.26252
383, 7.141446, 5265.5, 3.193333, 9.9, 28.3067, -1.626667, 9.6, 21.9817, -3.146667, -13.0, 19.80472, 3.046667, -6.866667, 29.39044
384, 7.884144, 5265.5, 3.203333, 8.533334, 23.89773, -1.62, 9.1, 17.21411, -3.153333, -11.9, 16.54626, 3.043333, -5.166667, 24.41234
385, 8.545001, 5265.5, 3.21, 8.433333, 17.69638, -1.613333, 8.9, 12.2439, -3.166667, -9.933333, 12.3887, 3.033333, -4.766667, 18.08568
386, 9.031839, 5265.5, 3.22, 8.633333, 10.85317, -1.603333, 8.266666, 6.23825, -3.173333, -9.0, 7.866167, 3.023333, -10.86667, 11.26945
387, 9.375131, 5268.0, 3.23, 11.5, 3.679433, -1.593333, 8.866667, 0.0, -3.18, -7.866667, 2.793064, 3.01, -13.13333, 3.717036
388, 9.68669, 5268.0, 3.243333, 12.56667, 0.0, -1.583333, 9.533334, 0.0, -3.186667, -6.7, 0.0, 2.996667, -11.46667, 0.0
389, 10.1735, 5270.0, 3.263333, 10.63333, 0.0, -1.566667, 8.066667, 0.0, -3.193333, -5.333333, 0.0, 2.98, -9.7, 0.0
390, 10.307, 5270.0, 3.273333, 9.666667, 0.0, -1.56, 6.9, 0.0, -3.196667, -4.6, 0.0, 2.973333, -8.133333, 0.0
391, 10.40944, 5270.0, 3.286667, 8.366667, 0.0, -1.553333, 6.566667, 0.0, -3.2, -3.7, 0.0, 2.966667, -6.466667, 0.0
392, 10.50196, 5270.0, 3.29, 7.3, 0.0, -1.55, 6.366667, 0.0, -3.2, -3.7, 0.0, 2.963333, -5.333333, 0.0
393, 10.56888, 5270.5, 3.296667, 6.366667, 0.0, -1.546667, 5.8, 0.0, -3.2, -3.7, 0.0, 2.963333, -5.333333, 0.0
394, 10.59148, 5270.5, 3.3, 5.6, 0.0, -1.54, 4.4, 0.0, -3.2, -3.7, 0.0, 2.963333, -5.333333, 0.0
395, 10.57522, 5270.5, 3.303333, 5.1, 0.0, -1.54, 4.4, 0.0, -3.2, -3.7, 0.0, 2.966667, -1.433333, 0.0
396, 10.52668, 5270.0, 3.306667, 4.066667, 0.0, -1.536667, 2.866667, 0.0, -3.2, -3.733333, 0.0, 2.966667, -1.433333, 0.0
397, 10.50049, 5270.0, 3.306667, 4.066667, 0.0, -1.536667, 2.866667, 0.0, -3.2, -3.733333, 0.0, 2.966667, -1.433333, 0.0
398, 10.45768, 5270.0, 3.303333, 2.2, 0.0, -1.536667, 2.866667, 0.0, -3.2, -3.033333, 0.0, 2.966667, -0.8, 0.0
399, 10.42215, 5269.0, 3.303333, 2.2, 0.0, -1.536667, 2.866667, 0.0, -3.2, -3.033333, 0.0, 2.966667, -0.8, 0.0
